[profile1.jpg]
filters=autolight=1;fill=1,0.392523;
moddate=3ced64a95051d601
width=2512
height=2283
textactive=0
[profile.jpg]
filters=crop64=1,135500009260a904;fill=1,0.261682;
crop=rect64(135500009260a904)
moddate=87258ade5051d601
width=2410
height=1813
textactive=0
